% Scene: Two views of an angel light sculpture (1/4 size photos, 720 x 961)
% Extracted points using threshold (>250) and connected components
% 881 points from q view, 909 points from p view

q = [0.09535359990745407, -0.46311653971731154, 1 ;
0.1064680277665544, -0.4601871375939204, 1 ;
0.09472448134939182, -0.45809470750578385, 1 ;
0.11171068241707338, -0.45809470750578385, 1 ;
0.09472448134939182, -0.4530728752942562, 1 ;
0.1177921618116754, -0.4526543892766289, 1 ;
0.09582543882600081, -0.4469525172864568, 1 ;
0.1240833473922982, -0.4484695291003558, 1 ;
0.13058423915894168, -0.44302921087120084, 1 ;
0.09960015017437451, -0.4381643109162834, 1 ;
0.13247159483312854, -0.4342410045010274, 1 ;
0.10541949683645058, -0.4304746303423816, 1 ;
0.11171068241707338, -0.4229418820250901, 1 ;
0.11758245562565461, -0.4143629186637303, 1 ;
0.12456267581748837, -0.4066209273376251, 1 ;
0.13310071339119078, -0.4003436370732155, 1 ;
0.14052431237632568, -0.39431743841938227, 1 ;
0.17147694543298975, -0.39532180486168783, 1 ;
0.14631220311049864, -0.38940321689810165, 1 ;
0.16015281138786874, -0.3877890565443963, 1 ;
0.14065013608793808, -0.38465041141219153, 1 ;
0.15165971085402796, -0.38527814043863245, 1 ;
0.17063812068890682, -0.38444116840337783, 1 ;
0.13079394534496236, -0.3823487383152413, 1 ;
0.1570072185975574, -0.3833949533593096, 1 ;
0.16644399696849155, -0.3824533598196481, 1 ;
0.12261540409015281, -0.37921009318303656, 1 ;
0.16141104850399335, -0.38151176627998673, 1 ;
0.1140174504633017, -0.3748159899979498, 1 ;
0.10568911907562006, -0.3702126438040494, 1 ;
0.09774425042809076, -0.3654419032030981, 1 ;
-0.08232745570527789, -0.36016897938099407, 1 ;
-0.07438258705774847, -0.3604200709915705, 1 ;
-0.06653957570057212, -0.35933200734573945, 1 ;
0.08969153288489362, -0.36016897938099407, 1 ;
-0.09023637472091794, -0.3572993609744068, 1 ;
-0.05940956537586628, -0.3576580632752302, 1 ;
-0.09799550360368603, -0.3536824461077708, 1 ;
-0.053747498353305834, -0.3551471471694664, 1 ;
0.08214211018814632, -0.3542503914174079, 1 ;
-0.1059643386724749, -0.3494975859314977, 1 ;
0.07474996713091453, -0.3487129246484465, 1 ;
-0.1122555242530976, -0.345103482746411, 1 ;
-0.1185467098337204, -0.3413371085877652, 1 ;
-0.04745631277268303, -0.3438480246935291, 1 ;
0.06809179572475543, -0.3423833236318335, 1 ;
-0.1235796582982186, -0.33757073442911945, 1 ;
0.062010316330153414, -0.33667397867706095, 1 ;
-0.12672525108853006, -0.3325489022175918, 1 ;
0.05571913074953061, -0.33129344416470985, 1 ;
-0.08771990048866884, -0.330037986111828, 1 ;
0.04852920437167607, -0.325195505050712, 1 ;
-0.06947546230486268, -0.32376069584741834, 1 ;
0.03936204823991141, -0.32250523779453644, 1 ;
0.04203580211167601, -0.31983738943216233, 1 ;
0.034958218333475455, -0.313717031424363, 1 ;
-0.041524623510952985, -0.30995065726571724, 1 ;
0.029925269868977256, -0.3075966734165636, 1 ;
-0.08100930253600447, -0.30353387166209855, 1 ;
0.01488933633128875, -0.30323395668279896, 1 ;
0.02462269916530946, -0.3011624508955438, 1 ;
-0.08987687840202518, -0.2986515347897799, 1 ;
-0.053747498353305834, -0.3011624508955438, 1 ;
0.018852783247081173, -0.29538734385228693, 1 ;
-0.04493983854043393, -0.2939884048790756, 1 ;
-0.08331607058223289, -0.2898633284196065, 1 ;
-0.033615704495312926, -0.2898633284196065, 1 ;
0.01405750179340648, -0.2890263563843519, 1 ;
-0.11068272785794198, -0.2879801413402836, 1 ;
-0.046198075656558424, -0.28295830912875597, 1 ;
-0.02984099314693922, -0.2860969542609607, 1 ;
0.008265616655690144, -0.2835860381551969, 1 ;
-0.1047061015563503, -0.28233058010231493, 1 ;
-0.08142871490804604, -0.2835860381551969, 1 ;
-0.028582756030814616, -0.28233058010231493, 1 ;
0.00413140898842379, -0.28233058010231493, 1 ;
-0.003597761867769944, -0.2780261524924341, 1 ;
0.0032326681911919453, -0.2773087478907873, 1 ;
0.029296151310914897, -0.2747978317850235, 1 ;
-0.02984099314693922, -0.2710314576263777, 1 ;
-0.022291570450191922, -0.2704037285999367, 1 ;
-0.014427588474413389, -0.2689913382904445, 1 ;
-0.07996077160590065, -0.2676835694853592, 1 ;
-0.11372346755524299, -0.26433568134434077, 1 ;
-0.0972825025712154, -0.2637498009196625, 1 ;
-0.03487394161143742, -0.26600962541485, 1 ;
-0.010967436405070918, -0.26600962541485, 1 ;
0.0047605275464860375, -0.2641264383355271, 1 ;
0.02758854379617437, -0.25892525497358776, 1 ;
-0.046198075656558424, -0.2565936900182356, 1 ;
0.006762268413047834, -0.2551670331399607, 1 ;
-0.019145977659880464, -0.25471050293891273, 1 ;
0.03621645544959995, -0.2521995868331489, 1 ;
-0.11036816857891085, -0.250316399753826, 1 ;
-0.10135080258001816, -0.24989791373619868, 1 ;
-0.02795363747275237, -0.24968867072738504, 1 ;
-0.06234545198015684, -0.24738699763043484, 1 ;
-0.09589844174347839, -0.24466683851585735, 1 ;
-0.01977509621794271, -0.24430813621503394, 1 ;
0.008535238894859742, -0.24592229656873926, 1 ;
0.02866703275285265, -0.2452945675422983, 1 ;
-0.04200395193614326, -0.24131895037483891, 1 ;
-0.10533522011441254, -0.23964500630432967, 1 ;
-0.061800215896502864, -0.23813845664087138, 1 ;
0.04816970805278331, -0.23838954825144776, 1 ;
-0.049186388807354264, -0.23729102245517605, 1 ;
-0.019145977659880464, -0.23776181922500678, 1 ;
-0.07576664788548548, -0.23587863214568391, 1 ;
-0.07136281797904953, -0.23368158055314053, 1 ;
-0.06115711692603931, -0.23294923002229273, 1 ;
-0.02984099314693922, -0.23587863214568391, 1 ;
0.020488491498042993, -0.23336771603992007, 1 ;
0.05320265651728151, -0.23587863214568391, 1 ;
-0.06674928188659279, -0.23127528595178354, 1 ;
-0.05576067773910509, -0.2323633495976145, 1 ;
0.03165534590364849, -0.23101373219076646, 1 ;
-0.03424482305337517, -0.2296013418812743, 1 ;
-0.030470111705001468, -0.23085679993415623, 1 ;
0.043136759588285, -0.22709042577551045, 1 ;
-0.08027533088493177, -0.22541648170500123, 1 ;
-0.02543716324050327, -0.22520723869618758, 1 ;
-0.007192725056697213, -0.22834588382839238, 1 ;
-0.2111669419928891, -0.2224870795816101, 1 ;
-0.09170431802306322, -0.22478875267856027, 1 ;
-0.06971743098104055, -0.22168229877848064, 1 ;
-0.18712063266250872, -0.22206859356398279, 1 ;
-0.005934487940572608, -0.22206859356398279, 1 ;
0.020488491498042993, -0.22206859356398279, 1 ;
-0.05852879939457911, -0.22005986067937172, 1 ;
-0.03780982821572809, -0.2191391914405916, 1 ;
-0.2204639162398095, -0.21767449037889605, 1 ;
-0.16489177694430823, -0.2174652473700824, 1 ;
-0.1581811789916439, -0.2120249291409274, 1 ;
-0.07387929221129863, -0.21328038719380932, 1 ;
-0.043681601424309324, -0.21244341515855475, 1 ;
-0.03487394161143742, -0.2107694710880455, 1 ;
-0.2340948183311588, -0.20867704099990897, 1 ;
-0.09233343658112547, -0.20881653633911806, 1 ;
-0.04563885916050303, -0.20811905964307253, 1 ;
-0.024965324321956528, -0.20841548723889186, 1 ;
0.015315738909530974, -0.20937451769595444, 1 ;
-0.07152009761856515, -0.20590457113312804, 1 ;
-0.1531482305271457, -0.2057476388765178, 1 ;
-0.10677320538998358, -0.20395412737240082, 1 ;
-0.06003868393392853, -0.2057476388765178, 1 ;
-0.021662451892129564, -0.20386445179719492, 1 ;
-0.18397503987219732, -0.20323672277075394, 1 ;
-0.16431508493275115, -0.2018243324612618, 1 ;
-0.09343916010741682, -0.2009540717655141, 1 ;
0.029925269868977256, -0.20198126471787203, 1 ;
-0.11131184641600422, -0.198685687329057, 1 ;
-0.07262105509517414, -0.19947034861210822, 1 ;
-0.04720466534945811, -0.20022362344383737, 1 ;
-0.0076121374287386745, -0.19765690920238987, 1 ;
0.04077756499555152, -0.19931341635549799, 1 ;
-0.18888216462508306, -0.1954528828428861, 1 ;
-0.07461326386237133, -0.1948670024182078, 1 ;
-0.026066281798565516, -0.19633170347990342, 1 ;
-0.23079943540797548, -0.19498656985181562, 1 ;
-0.18271680275607277, -0.19319305834769862, 1 ;
-0.16992472540880643, -0.1936115443653259, 1 ;
-0.16300442127012138, -0.1942392733917669, 1 ;
-0.048085431330745276, -0.19444851640058053, 1 ;
-0.019145977659880464, -0.19570397445346244, 1 ;
0.019859372939980746, -0.19444851640058053, 1 ;
