% Scene: Two views of an angel light sculpture (Full size photos, 2878 x 3842)
% Extracted points using threshold (>250) and connected components
% 975 points from q view, 1020 points from p view

q = [0.09550162780346882, -0.462322647125048, 1 ;
0.10635006803691771, -0.4601544433737933, 1 ;
0.09472448134939182, -0.4582307154615127, 1 ;
0.11172450919856913, -0.4573773029041371, 1 ;
0.09480312116914957, -0.4527119311040526, 1 ;
0.11764413391566075, -0.45260515562749626, 1 ;
0.12437312321298144, -0.44823365516314767, 1 ;
0.09595583305705213, -0.44609006052576977, 1 ;
0.1305692601456544, -0.44216234697754425, 1 ;
0.09969751376074132, -0.4376785682172517, 1 ;
0.1326813010191492, -0.43346680536841686, 1 ;
0.10534085701669282, -0.4299850017017577, 1 ;
0.1117943725004854, -0.4221903348879291, 1 ;
0.12366393502025663, -0.4168215240172907, 1 ;
0.11783002542859589, -0.413883403435199, 1 ;
0.1245380200965025, -0.4060765251731011, 1 ;
0.1331593600364338, -0.4002877798293373, 1 ;
0.1713720923399793, -0.3953871933019421, 1 ;
0.1406934240621167, -0.3940145159717603, 1 ;
0.14634759102938966, -0.3886992636327357, 1 ;
0.1603956290769455, -0.38724117024500265, 1 ;
0.15159792242421832, -0.38484097200950396, 1 ;
0.14063665497597977, -0.38431412800516956, 1 ;
0.17085549905246478, -0.3839844062256017, 1 ;
0.15711074443622575, -0.38301354838121887, 1 ;
0.13118339969042958, -0.3818256307932072, 1 ;
0.1665393179621374, -0.3821965615815587, 1 ;
0.1618188105323669, -0.38131414788277385, 1 ;
0.12273220247224037, -0.3789571475204833, 1 ;
0.1141038000693102, -0.3744159665987472, 1 ;
0.10596918123314136, -0.37000974149247257, 1 ;
0.09786338138908546, -0.36486359114256844, 1 ;
-0.074062497066119, -0.3600068735335066, 1 ;
-0.0822707170185839, -0.35941126606119916, 1 ;
0.08987656775491193, -0.3595874069006149, 1 ;
-0.06637935074945511, -0.3590157917874761, 1 ;
-0.09011563479563323, -0.356824261588594, 1 ;
-0.05946854524068457, -0.35700090945067486, 1 ;
-0.05385235144631617, -0.3552866425086755, 1 ;
0.08200590926320495, -0.3538722748167976, 1 ;
-0.09791162112927776, -0.35300295696862327, 1 ;
-0.1054527061101953, -0.3491080914150916, 1 ;
0.0747808350975484, -0.3480338626408714, 1 ;
-0.11231843610890391, -0.3448140299175521, 1 ;
0.06833442090509334, -0.34186994834276746, 1 ;
-0.11838943019420489, -0.3407093795613243, 1 ;
-0.12346527310584376, -0.3369348530776598, 1 ;
0.062222935102091204, -0.3363733994342414, 1 ;
-0.1260961325304678, -0.3326630347678538, 1 ;
0.05570591397310076, -0.3306894527905293, 1 ;
-0.08775485151967222, -0.32961950009420066, 1 ;
-0.12760601706981722, -0.3278409345192846, 1 ;
0.048872990993706455, -0.3249370498359927, 1 ;
-0.0689114249769448, -0.323392716762953, 1 ;
0.03972154455880417, -0.32160848204247794, 1 ;
0.04211649340499268, -0.3193256538127811, 1 ;
-0.12505808690966502, -0.32018264039670485, 1 ;
0.03537311117564579, -0.31347622158232313, 1 ;
-0.04142339691589636, -0.3096235774045717, 1 ;
0.030116335505129377, -0.30717934986009643, 1 ;
0.015072766079542999, -0.3028745250926591, 1 ;
-0.08091628769543069, -0.30335190899179953, 1 ;
-0.05344503750808349, -0.30135559828829483, 1 ;
0.024668026962039402, -0.3006629969310277, 1 ;
-0.08937638696723649, -0.2978740722340962, 1 ;
0.018760265812071908, -0.2949405484864084, 1 ;
-0.04486915106199996, -0.2937531324430019, 1 ;
-0.09883432834776906, -0.292813654843879, 1 ;
-0.08269818628413594, -0.2899642134417131, 1 ;
-0.033443301813536164, -0.2893532985856232, 1 ;
0.013880546923151105, -0.2888339406105127, 1 ;
-0.11021088893939524, -0.28767935451511395, 1 ;
-0.0293916227483233, -0.2859624408981519, 1 ;
-0.04602892585556995, -0.28253488813450567, 1 ;
0.00869251853437536, -0.28297889040831137, 1 ;
-0.02844956426401768, -0.2819658186410047, 1 ;
-0.10481213277400125, -0.2820237687242231, 1 ;
-0.0813837778681844, -0.2830479847039618, 1 ;
0.003974129348908284, -0.28201671558909447, 1 ;
-0.0037210295275736938, -0.2776715637501064, 1 ;
-0.10558686753763746, -0.2788152975542456, 1 ;
0.0032708222816405508, -0.2770008053495144, 1 ;
-0.09802171687693861, -0.27581789145299, 1 ;
0.02956968111876812, -0.274456674705436, 1 ;
-0.029571370907769623, -0.270852106475966, 1 ;
-0.022088417582484254, -0.27065220467290296, 1 ;
-0.014150776308865964, -0.26862348908095013, 1 ;
-0.07978899100671344, -0.2675789479809524, 1 ;
-0.007533497608980921, -0.26642811143247735, 1 ;
-0.03476070027098621, -0.2659970708343212, 1 ;
-0.01033831784700856, -0.26600962541485, 1 ;
-0.1139135137863242, -0.2640741275833237, 1 ;
-0.07498024968790762, -0.2652249641317988, 1 ;
0.004644880752724623, -0.2638494990591561, 1 ;
-0.0973278361143699, -0.2632956205064141, 1 ;
-0.06809140147712567, -0.26312207189322157, 1 ;
0.027547201719501757, -0.25851454083914494, 1 ;
-0.08233744171413593, -0.2587558677759767, 1 ;
-0.04612010797201227, -0.25633079495587996, 1 ;
0.006915923169706462, -0.25479449485090133, 1 ;
-0.01919630714452547, -0.25459751171415335, 1 ;
0.036782662151856105, -0.2519798816738945, 1 ;
-0.11022930907735651, -0.25008170827096743, 1 ;
-0.10128122716316079, -0.24954200506700164, 1 ;
-0.027311936543528814, -0.24963845240526977, 1 ;
-0.06199080181262184, -0.2468638901084007, 1 ;
0.028976752658360305, -0.24539114123867384, 1 ;
-0.019705562061525406, -0.24403250181545383, 1 ;
0.00938904265222995, -0.24519368252019172, 1 ;
-0.09583755930237559, -0.2442112287386018, 1 ;
-0.041459392324057154, -0.2408700903720612, 1 ;
0.04865449941223121, -0.23812922533165898, 1 ;
-0.10610951987818162, -0.23895691871765398, 1 ;
-0.0615328405093265, -0.23791875148161704, 1 ;
-0.04958421377789368, -0.23752180518548524, 1 ;
-0.01913387922607168, -0.2373453451593873, 1 ;
-0.06715558762200813, -0.2375460373721677, 1 ;
-0.07567817808825805, -0.23570208335699738, 1 ;
-0.047113998263149104, -0.23541706668506554, 1 ;
0.05309780342427106, -0.23552989379766115, 1 ;
-0.02936915422839248, -0.23566938913687027, 1 ;
0.00067125691908132, -0.23515674376527682, 1 ;
-0.06106318603021743, -0.2328010162243831, 1 ;
-0.07106323771330558, -0.233412553827523, 1 ;
0.020578365577766156, -0.2330641987084541, 1 ;
0.052416258319703646, -0.2335769590487337, 1 ;
-0.055430725133653325, -0.23183512229983283, 1 ;
0.03193383187086407, -0.23066387404070876, 1 ;
-0.06709110296980669, -0.23066220393595951, 1 ;
-0.030537517264793923, -0.23054293542093574, 1 ;
-0.03387602941589041, -0.22944982108178855, 1 ;
0.04348867278170121, -0.22688837549512478, 1 ;
-0.006956805597423843, -0.22795355318686678, 1 ;
-0.08201851355622936, -0.22594196698849917, 1 ;
-0.02520861626433224, -0.22472908572682826, 1 ;
-0.0915674264849663, -0.22434701743773144, 1 ;
-0.07841107843462869, -0.2246992037637714, 1 ;
-0.18784411900428033, -0.22536417095279782, 1 ;
-0.0682681538339146, -0.22310285186469028, 1 ;
-0.21070531952955884, -0.22221828279336486, 1 ;
0.02088904540011871, -0.2220121431119647, 1 ;
-0.18664879374396204, -0.22191166130737253, 1 ;
-0.00535779592901553, -0.22146701991364354, 1 ;
-0.17217906690852963, -0.22120546615262646, 1 ;
-0.07108006806531375, -0.21939545535026228, 1 ;
-0.05861417977031613, -0.21951283967061602, 1 ;
-0.037295548759534336, -0.218715723446564, 1 ;
-0.01238295316071103, -0.2198715419714394, 1 ;
-0.22009216436459084, -0.21768875694767878, 1 ;
-0.1649756594187165, -0.2169944506002517, 1 ;
-0.0818481272800875, -0.2146404667510981, 1 ;
-0.07393480267230423, -0.21309576100956196, 1 ;
-0.030245426505693507, -0.21372876506983857, 1 ;
-0.22738422037849454, -0.21296652268058885, 1 ;
-0.04305963194077045, -0.21212479512240667, 1 ;
-0.034814215166051765, -0.2106741198435228, 1 ;
-0.09201224103038486, -0.20868366261411192, 1 ;
-0.07136281797904953, -0.21108333560126596, 1 ;
0.015371660559136413, -0.20900485504705035, 1 ;
-0.20866794327614174, -0.21061253883143527, 1 ;
-0.045333037639222806, -0.20801043236034383, 1 ;
-0.02467669025823016, -0.20826890216403615, 1 ;
-0.2337768766942886, -0.208096560394813, 1 ;
-0.07130113968904339, -0.20571071363966836, 1 ;
-0.15335044720652286, -0.20516474763767978, 1 ;
